y0=3;
v0=0;
k=1;
m=2;
c=0.1;
